0	0.500000	0.462801
10	0.450000	1.200388
20	0.200000	1.705288
30	0.100000	0.888226
40	0.150000	0.691113
50	0.350000	0.803295
60	0.150000	0.763926
70	0.400000	0.726486
80	0.300000	0.565266
90	0.250000	0.359856
100	0.150000	0.342219
110	0.350000	0.325447
120	0.250000	0.378274
130	0.250000	0.294329
140	0.350000	0.342104
150	0.350000	0.266186
160	0.250000	0.309393
170	0.100000	0.240733
180	0.200000	0.153254
190	0.250000	0.266096
200	0.300000	0.169400
210	0.200000	0.161098
220	0.250000	0.187248
230	0.150000	0.178071
240	0.350000	0.138554
250	0.250000	0.161044
260	0.400000	0.153151
270	0.250000	0.178011
280	0.250000	0.169286
290	0.300000	0.131719
300	0.300000	0.125263
310	0.100000	0.119124
320	0.150000	0.113286
330	0.200000	0.131675
340	0.150000	0.102454
350	0.200000	0.119084
360	0.300000	0.169173
370	0.250000	0.160882
380	0.200000	0.152997
390	0.200000	0.119044
400	0.300000	0.138368
410	0.100000	0.160828
420	0.050000	0.152945
430	0.300000	0.145450
440	0.150000	0.092595
450	0.150000	0.131542
460	0.200000	0.125095
470	0.200000	0.118964
480	0.300000	0.138275
490	0.150000	0.107589
500	0.200000	0.125053
510	0.250000	0.118924
520	0.200000	0.113096
530	0.200000	0.107553
540	0.250000	0.125011
550	0.100000	0.118884
560	0.200000	0.113058
570	0.200000	0.107517
580	0.100000	0.124969
590	0.350000	0.118844
600	0.150000	0.075658
610	0.100000	0.107481
620	0.350000	0.124927
630	0.150000	0.079530
640	0.100000	0.092440
650	0.150000	0.071926
660	0.200000	0.083601
670	0.350000	0.118764
680	0.300000	0.138042
690	0.400000	0.131277
700	0.100000	0.083573
710	0.400000	0.079477
720	0.350000	0.075582
730	0.150000	0.071877
740	0.250000	0.102110
750	0.050000	0.118685
760	0.050000	0.092347
770	0.400000	0.071853
780	0.250000	0.102076
790	0.400000	0.079423
800	0.150000	0.061798
810	0.100000	0.087791
820	0.150000	0.083488
830	0.250000	0.097040
840	0.200000	0.075505
850	0.250000	0.087762
860	0.250000	0.124675
870	0.300000	0.079370
880	0.200000	0.112754
890	0.200000	0.087732
900	0.050000	0.083432
910	0.450000	0.064917
920	0.200000	0.061736
930	0.300000	0.107192
940	0.150000	0.068240
950	0.250000	0.118485
960	0.400000	0.112678
970	0.150000	0.071733
980	0.200000	0.068217
990	0.150000	0.096910
1000	0.100000	0.092161
1010	0.300000	0.130925
1020	0.200000	0.068194
1030	0.300000	0.064852
1040	0.250000	0.092130
1050	0.150000	0.058651
1060	0.150000	0.083320
1070	0.150000	0.096845
1080	0.250000	0.137579
1090	0.350000	0.107048
1100	0.200000	0.083292
1110	0.150000	0.079210
1120	0.150000	0.075328
1130	0.300000	0.087555
1140	0.200000	0.055739
1150	0.100000	0.053007
1160	0.250000	0.075303
1170	0.200000	0.058592
1180	0.250000	0.068102
1190	0.150000	0.052989
1200	0.200000	0.061591
1210	0.300000	0.071588
1220	0.200000	0.045574
1230	0.250000	0.064743
1240	0.300000	0.061570
1250	0.200000	0.058552
1260	0.350000	0.083180
1270	0.250000	0.064721
1280	0.100000	0.061549
1290	0.150000	0.071540
1300	0.200000	0.068034
1310	0.150000	0.064700
1320	0.100000	0.075202
1330	0.200000	0.071516
1340	0.250000	0.083125
1350	0.250000	0.079051
1360	0.150000	0.061508
1370	0.200000	0.058493
1380	0.200000	0.055627
1390	0.200000	0.052900
1400	0.250000	0.041161
1410	0.350000	0.071468
1420	0.300000	0.083069
1430	0.150000	0.064634
1440	0.100000	0.061467
1450	0.200000	0.071444
1460	0.050000	0.055589
1470	0.350000	0.064613
1480	0.300000	0.075101
1490	0.200000	0.047810
1500	0.250000	0.067920
1510	0.200000	0.064591
1520	0.400000	0.061425
1530	0.150000	0.058415
1540	0.250000	0.067897
1550	0.150000	0.043224
1560	0.150000	0.061405
1570	0.200000	0.039091
1580	0.100000	0.067874
1590	0.300000	0.064548
1600	0.200000	0.061384
1610	0.000000	0.071348
1620	0.300000	0.067851
1630	0.100000	0.064526
1640	0.150000	0.061363
1650	0.100000	0.058356
1660	0.250000	0.067828
1670	0.300000	0.078838
1680	0.150000	0.074975
1690	0.150000	0.058336
1700	0.100000	0.045391
1710	0.250000	0.078812
1720	0.200000	0.074949
1730	0.100000	0.058317
1740	0.150000	0.067783
1750	0.200000	0.064461
1760	0.250000	0.061302
1770	0.200000	0.058297
1780	0.200000	0.067760
1790	0.200000	0.052723
1800	0.100000	0.061281
1810	0.250000	0.087057
1820	0.250000	0.101188
1830	0.250000	0.064418
1840	0.300000	0.074874
1850	0.100000	0.071204
1860	0.150000	0.067715
1870	0.200000	0.064396
1880	0.500000	0.050105
1890	0.350000	0.071180
1900	0.150000	0.067692
1910	0.300000	0.078680
1920	0.150000	0.050088
1930	0.200000	0.071156
1940	0.200000	0.082707
1950	0.250000	0.096132
1960	0.250000	0.091420
1970	0.350000	0.071133
1980	0.050000	0.067646
1990	0.400000	0.078627
2000	0.200000	0.061178
2010	0.400000	0.058180
2020	0.300000	0.067624
2030	0.200000	0.064309
2040	0.200000	0.061158
2050	0.200000	0.058160
2060	0.150000	0.067601
2070	0.100000	0.052599
2080	0.200000	0.061137
2090	0.200000	0.047570
2100	0.150000	0.037013
2110	0.200000	0.064266
2120	0.350000	0.061117
2130	0.250000	0.058121
2140	0.150000	0.045223
2150	0.150000	0.052564
2160	0.150000	0.049988
2170	0.250000	0.071013
2180	0.250000	0.067533
2190	0.250000	0.064223
2200	0.150000	0.040885
2210	0.250000	0.070989
2220	0.350000	0.067510
2230	0.200000	0.042978
2240	0.300000	0.049954
2250	0.100000	0.047506
2260	0.150000	0.055217
2270	0.250000	0.052511
2280	0.100000	0.061034
2290	0.350000	0.047490
2300	0.300000	0.055198
2310	0.150000	0.042949
2320	0.400000	0.040844
2330	0.200000	0.038842
2340	0.150000	0.045147
2350	0.050000	0.035128
2360	0.450000	0.040830
2370	0.350000	0.038829
2380	0.350000	0.055161
2390	0.100000	0.042920
2400	0.100000	0.033395
2410	0.300000	0.057985
2420	0.250000	0.055143
2430	0.300000	0.064094
2440	0.200000	0.049870
2450	0.100000	0.047426
2460	0.300000	0.045102
2470	0.200000	0.042891
2480	0.250000	0.049853
2490	0.150000	0.031737
2500	0.050000	0.045087
2510	0.150000	0.035081
2520	0.250000	0.060911
2530	0.150000	0.047394
2540	0.300000	0.045071
2550	0.100000	0.035069
2560	0.200000	0.033351
2570	0.350000	0.031716
2580	0.350000	0.055069
2590	0.150000	0.042848
2600	0.150000	0.033339
2610	0.300000	0.038751
2620	0.250000	0.036852
2630	0.300000	0.042834
2640	0.250000	0.040734
2650	0.100000	0.038738
2660	0.250000	0.036839
2670	0.400000	0.042819
2680	0.100000	0.033317
2690	0.150000	0.031684
2700	0.200000	0.036827
2710	0.250000	0.042805
2720	0.250000	0.049753
2730	0.300000	0.047315
2740	0.150000	0.044996
2750	0.150000	0.035010
2760	0.300000	0.040693
2770	0.200000	0.038699
2780	0.200000	0.044981
2790	0.250000	0.052282
2800	0.100000	0.040680
2810	0.200000	0.038686
2820	0.450000	0.036790
2830	0.300000	0.034987
2840	0.200000	0.033272
2850	0.100000	0.031642
2860	0.350000	0.044950
2870	0.150000	0.028616
2880	0.150000	0.027214
2890	0.350000	0.031631
2900	0.200000	0.024611
2910	0.250000	0.028606
2920	0.150000	0.033250
2930	0.200000	0.038647
2940	0.350000	0.036753
2950	0.100000	0.028597
2960	0.300000	0.033239
2970	0.150000	0.031610
2980	0.300000	0.036741
2990	0.500000	0.028587
3000	0.200000	0.033227
3010	0.200000	0.031599
3020	0.200000	0.044890
3030	0.100000	0.042690
3040	0.350000	0.049619
3050	0.100000	0.047188
3060	0.150000	0.044875
3070	0.300000	0.028568
3080	0.150000	0.033205
3090	0.250000	0.038595
3100	0.050000	0.030030
3110	0.350000	0.028558
3120	0.150000	0.040570
3130	0.200000	0.031567
3140	0.400000	0.036691
3150	0.200000	0.034893
3160	0.350000	0.033183
3170	0.100000	0.031557
3180	0.150000	0.036679
3190	0.350000	0.034881
3200	0.250000	0.040543
3210	0.350000	0.025810
3220	0.200000	0.036667
3230	0.300000	0.034870
3240	0.300000	0.040530
3250	0.150000	0.038543
3260	0.250000	0.036654
3270	0.400000	0.034858
3280	0.300000	0.027122
3290	0.250000	0.031525
3300	0.150000	0.024529
3310	0.200000	0.028510
3320	0.300000	0.033138
3330	0.250000	0.038517
3340	0.100000	0.044770
3350	0.150000	0.023319
3360	0.300000	0.033127
3370	0.300000	0.031504
3380	0.300000	0.029960
3390	0.350000	0.028491
3400	0.100000	0.022169
3410	0.450000	0.038491
3420	0.250000	0.036605
3430	0.400000	0.034811
3440	0.350000	0.027086
3450	0.100000	0.031482
3460	0.150000	0.036593
3470	0.300000	0.028472
3480	0.250000	0.040448
3490	0.300000	0.038466
3500	0.150000	0.029929
3510	0.100000	0.028463
3520	0.200000	0.033083
3530	0.300000	0.038453
3540	0.250000	0.036568
3550	0.100000	0.034776
3560	0.300000	0.033072
3570	0.350000	0.025732
3580	0.100000	0.029909
3590	0.250000	0.042490
3600	0.200000	0.022131
3610	0.150000	0.031440
3620	0.250000	0.036544
3630	0.200000	0.034753
3640	0.250000	0.033049
3650	0.100000	0.025715
3660	0.100000	0.029889
3670	0.300000	0.034741
3680	0.250000	0.040380
3690	0.300000	0.038401
3700	0.050000	0.029879
3710	0.300000	0.028415
3720	0.150000	0.033027
3730	0.350000	0.038388
3740	0.250000	0.044619
3750	0.200000	0.028405
3760	0.250000	0.033016
3770	0.150000	0.025689
3780	0.300000	0.029859
3790	0.250000	0.034706
3800	0.050000	0.027004
3810	0.250000	0.038362
3820	0.250000	0.036482
3830	0.250000	0.034694
3840	0.250000	0.032994
3850	0.200000	0.025672
3860	0.200000	0.024414
3870	0.150000	0.034683
3880	0.200000	0.026986
3890	0.400000	0.025663
3900	0.050000	0.029829
3910	0.350000	0.028367
3920	0.100000	0.026977
3930	0.100000	0.025655
3940	0.200000	0.024397
3950	0.150000	0.028358
3960	0.350000	0.022065
3970	0.150000	0.025646
3980	0.150000	0.029809
3990	0.200000	0.028348
4000	0.100000	0.026959
4010	0.200000	0.031335
4020	0.350000	0.036421
4030	0.100000	0.034636
4040	0.250000	0.032938
4050	0.100000	0.046793
4060	0.200000	0.036409
4070	0.150000	0.034624
4080	0.050000	0.032927
4090	0.200000	0.025620
4100	0.150000	0.029779
4110	0.250000	0.028319
4120	0.150000	0.026932
4130	0.200000	0.025612
4140	0.450000	0.029769
4150	0.200000	0.023163
4160	0.250000	0.040218
4170	0.150000	0.038246
4180	0.250000	0.036372
4190	0.150000	0.042276
4200	0.100000	0.026913
4210	0.250000	0.038234
4220	0.300000	0.029749
4230	0.150000	0.028291
4240	0.350000	0.032883
4250	0.100000	0.031272
4260	0.300000	0.029739
4270	0.300000	0.023139
4280	0.300000	0.022005
4290	0.150000	0.025577
4300	0.250000	0.029729
4310	0.150000	0.028272
4320	0.300000	0.032861
4330	0.250000	0.038195
4340	0.150000	0.036323
4350	0.100000	0.042219
4360	0.400000	0.032850
4370	0.000000	0.025560
4380	0.250000	0.024307
4390	0.200000	0.028253
4400	0.150000	0.040137
4410	0.300000	0.031230
4420	0.100000	0.029699
4430	0.150000	0.028243
4440	0.200000	0.032828
4450	0.200000	0.031219
4460	0.400000	0.036287
4470	0.250000	0.042177
4480	0.150000	0.032817
4490	0.150000	0.046620
4500	0.150000	0.029679
4510	0.200000	0.028224
4520	0.300000	0.040096
4530	0.200000	0.046605
4540	0.250000	0.054169
4550	0.100000	0.042148
4560	0.150000	0.040083
4570	0.350000	0.031188
4580	0.150000	0.036250
4590	0.250000	0.028206
4600	0.150000	0.032784
4610	0.200000	0.038105
4620	0.200000	0.029649
4630	0.250000	0.042120
4640	0.250000	0.040056
4650	0.100000	0.031167
4660	0.250000	0.036226
4670	0.150000	0.034450
4680	0.150000	0.040042
4690	0.350000	0.038080
4700	0.100000	0.029629
4710	0.250000	0.028177
4720	0.200000	0.032751
4730	0.200000	0.038067
4740	0.300000	0.036201
4750	0.050000	0.042078
4760	0.250000	0.040015
4770	0.200000	0.025474
4780	0.250000	0.029609
4790	0.200000	0.028158
4800	0.150000	0.026778
4810	0.150000	0.031125
4820	0.250000	0.036177
4830	0.250000	0.028149
4840	0.200000	0.032718
4850	0.150000	0.031114
4860	0.400000	0.029589
4870	0.400000	0.034392
4880	0.100000	0.032707
4890	0.250000	0.031104
4900	0.050000	0.024201
4910	0.100000	0.018831
4920	0.200000	0.017908
4930	0.200000	0.025440
4940	0.350000	0.024193
4950	0.250000	0.034369
4960	0.350000	0.039948
4970	0.200000	0.031083
4980	0.350000	0.029560
4990	0.300000	0.034358
5000	0.050000	0.021873
5010	0.200000	0.031073
5020	0.300000	0.036116
5030	0.200000	0.022992
5040	0.350000	0.021865
5050	0.100000	0.031062
5060	0.100000	0.036104
5070	0.250000	0.034335
5080	0.150000	0.026715
5090	0.350000	0.031052
5100	0.050000	0.019768
5110	0.250000	0.041951
5120	0.300000	0.048760
5130	0.250000	0.031041
5140	0.300000	0.029520
5150	0.100000	0.034312
5160	0.250000	0.032630
5170	0.200000	0.031031
5180	0.400000	0.036068
5190	0.200000	0.034300
5200	0.050000	0.026688
5210	0.150000	0.031020
5220	0.150000	0.044068
5230	0.200000	0.034289
5240	0.300000	0.048711
5250	0.200000	0.046324
5260	0.550000	0.044053
5270	0.350000	0.034277
5280	0.300000	0.039841
5290	0.300000	0.031000
5300	0.200000	0.029480
5310	0.450000	0.022938
5320	0.250000	0.039828
5330	0.300000	0.030989
5340	0.350000	0.036019
5350	0.150000	0.034254
5360	0.200000	0.032575
5370	0.300000	0.030979
5380	0.100000	0.044009
5390	0.050000	0.034243
5400	0.100000	0.039801
5410	0.000000	0.056542
5420	0.150000	0.035995
5430	0.250000	0.041838
5440	0.100000	0.048629
5450	0.200000	0.037837
5460	0.150000	0.035983
5470	0.200000	0.041824
5480	0.300000	0.039774
5490	0.200000	0.030948
5500	0.050000	0.029431
5510	0.150000	0.027988
5520	0.150000	0.039761
5530	0.150000	0.037812
5540	0.250000	0.035959
5550	0.250000	0.034197
5560	0.200000	0.039747
5570	0.100000	0.046199
5580	0.200000	0.035947
5590	0.250000	0.034185
5600	0.150000	0.032510
5610	0.100000	0.030916
5620	0.150000	0.035935
5630	0.350000	0.027960
5640	0.200000	0.032499
5650	0.100000	0.025287
5660	0.200000	0.035923
5670	0.200000	0.041754
5680	0.100000	0.039707
5690	0.300000	0.037761
5700	0.100000	0.035911
5710	0.300000	0.034151
5720	0.350000	0.039694
5730	0.350000	0.037749
5740	0.150000	0.024031
5750	0.100000	0.027932
5760	0.300000	0.021733
5770	0.250000	0.037736
5780	0.350000	0.035886
5790	0.300000	0.027923
5800	0.150000	0.026554
5810	0.300000	0.037723
5820	0.350000	0.035874
5830	0.150000	0.050964
5840	0.100000	0.048466
5850	0.150000	0.046091
5860	0.300000	0.043832
5870	0.350000	0.027904
5880	0.350000	0.032433
5890	0.050000	0.037698
5900	0.150000	0.035850
5910	0.250000	0.041670
5920	0.350000	0.048433
5930	0.300000	0.037685
5940	0.400000	0.043802
5950	0.200000	0.022815
5960	0.200000	0.026518
5970	0.350000	0.030823
5980	0.150000	0.035826
5990	0.300000	0.034070
6000	0.100000	0.032401
6010	0.200000	0.030813
6020	0.300000	0.043773
6030	0.250000	0.041628
6040	0.300000	0.032390
6050	0.150000	0.030802
6060	0.200000	0.023967
6070	0.200000	0.034047
6080	0.300000	0.032379
6090	0.200000	0.030792
6100	0.150000	0.029283
6110	0.200000	0.041600
6120	0.250000	0.048352
6130	0.350000	0.045982
6140	0.350000	0.035778
6150	0.150000	0.041586
6160	0.350000	0.032357
6170	0.250000	0.045967
6180	0.200000	0.035766
6190	0.100000	0.034013
6200	0.050000	0.032346
6210	0.150000	0.030761
6220	0.150000	0.029253
6230	0.250000	0.034002
6240	0.100000	0.032335
6250	0.200000	0.030751
6260	0.200000	0.029243
6270	0.250000	0.050776
6280	0.150000	0.039508
6290	0.200000	0.037571
6300	0.100000	0.065235
6310	0.150000	0.033979
6320	0.200000	0.032314
6330	0.300000	0.030730
6340	0.200000	0.035718
6350	0.000000	0.033967
6360	0.150000	0.026430
6370	0.350000	0.037546
6380	0.300000	0.035706
6390	0.300000	0.033956
6400	0.100000	0.039468
6410	0.100000	0.030709
6420	0.150000	0.035694
6430	0.150000	0.041488
6440	0.350000	0.032281
6450	0.250000	0.030699
6460	0.250000	0.043611
6470	0.150000	0.027764
6480	0.250000	0.039441
6490	0.400000	0.045843
6500	0.150000	0.035670
6510	0.050000	0.033922
6520	0.350000	0.039428
6530	0.200000	0.030678
6540	0.350000	0.043582
6550	0.200000	0.027745
6560	0.100000	0.032248
6570	0.400000	0.025092
6580	0.050000	0.029165
6590	0.400000	0.033899
6600	0.050000	0.026376
6610	0.250000	0.030658
6620	0.300000	0.035634
6630	0.200000	0.027726
6640	0.400000	0.032227
6650	0.100000	0.030647
6660	0.250000	0.035622
6670	0.250000	0.033876
6680	0.150000	0.032216
6690	0.200000	0.020509
6700	0.050000	0.029136
6710	0.200000	0.027708
6720	0.300000	0.032205
6730	0.300000	0.030627
6740	0.200000	0.035598
6750	0.050000	0.033854
6760	0.350000	0.032194
6770	0.350000	0.030617
6780	0.150000	0.029116
6790	0.250000	0.033842
6800	0.200000	0.026332
6810	0.250000	0.025041
6820	0.200000	0.023814
6830	0.450000	0.027680
6840	0.350000	0.026323
6850	0.100000	0.025033
6860	0.150000	0.029096
6870	0.250000	0.041335
6880	0.150000	0.032162
6890	0.350000	0.030586
6900	0.100000	0.029087
6910	0.450000	0.022632
6920	0.250000	0.026305
6930	0.250000	0.037370
6940	0.300000	0.029077
6950	0.100000	0.027652
6960	0.200000	0.032140
6970	0.300000	0.037357
6980	0.250000	0.029067
6990	0.200000	0.033785
7000	0.050000	0.017598
7010	0.350000	0.024999
7020	0.150000	0.023774
7030	0.300000	0.027633
7040	0.200000	0.026279
7050	0.200000	0.020447
7060	0.400000	0.023766
7070	0.300000	0.027624
7080	0.150000	0.026270
7090	0.300000	0.030534
7100	0.200000	0.029038
7110	0.300000	0.033751
7120	0.100000	0.032097
7130	0.100000	0.030524
7140	0.250000	0.035479
7150	0.100000	0.022586
7160	0.250000	0.032086
7170	0.350000	0.030514
7180	0.150000	0.023742
7190	0.200000	0.027596
7200	0.150000	0.026244
7210	0.150000	0.020420
7220	0.300000	0.019419
7230	0.300000	0.027587
7240	0.250000	0.039190
7250	0.050000	0.024949
7260	0.250000	0.028999
7270	0.300000	0.022563
7280	0.200000	0.026226
7290	0.250000	0.037257
7300	0.050000	0.028989
7310	0.100000	0.027568
7320	0.300000	0.032043
7330	0.100000	0.024932
7340	0.400000	0.028979
7350	0.050000	0.027559
7360	0.300000	0.032032
7370	0.350000	0.020392
7380	0.350000	0.023702
7390	0.200000	0.022541
7400	0.050000	0.021436
7410	0.350000	0.030452
7420	0.200000	0.028960
7430	0.150000	0.022533
7440	0.150000	0.026191
7450	0.100000	0.030442
7460	0.300000	0.019380
7470	0.300000	0.033649
7480	0.250000	0.026182
7490	0.200000	0.020372
7500	0.050000	0.019373
7510	0.300000	0.018424
7520	0.350000	0.026173
7530	0.150000	0.030422
7540	0.150000	0.035360
7550	0.100000	0.027513
7560	0.400000	0.017515
7570	0.300000	0.020358
7580	0.250000	0.023663
7590	0.200000	0.018411
7600	0.150000	0.014326
7610	0.300000	0.024874
7620	0.150000	0.035336
7630	0.350000	0.027494
7640	0.250000	0.031957
7650	0.050000	0.020344
7660	0.200000	0.023647
7670	0.150000	0.027485
7680	0.300000	0.021386
7690	0.100000	0.020338
7700	0.100000	0.019341
7710	0.100000	0.027476
7720	0.100000	0.031936
7730	0.250000	0.024849
7740	0.250000	0.023631
7750	0.050000	0.015044
7760	0.150000	0.026120
7770	0.350000	0.020324
7780	0.200000	0.023623
7790	0.150000	0.018381
7800	0.150000	0.017480
7810	0.200000	0.013601
7820	0.350000	0.028863
7830	0.250000	0.027448
7840	0.300000	0.031904
7850	0.200000	0.024824
7860	0.150000	0.028853
7870	0.250000	0.027439
7880	0.350000	0.021350
7890	0.300000	0.020303
7900	0.150000	0.015798
7910	0.200000	0.018362
7920	0.200000	0.026085
7930	0.350000	0.030320
7940	0.100000	0.028834
7950	0.200000	0.022435
7960	0.050000	0.026077
7970	0.150000	0.020290
7980	0.300000	0.023583
7990	0.300000	0.018350
8000	0.100000	0.021328
8010	0.100000	0.024790
8020	0.150000	0.019289
8030	0.250000	0.027402
8040	0.100000	0.026059
8050	0.150000	0.016590
8060	0.350000	0.023567
8070	0.400000	0.027393
8080	0.250000	0.026050
8090	0.250000	0.020269
8100	0.150000	0.019276
8110	0.250000	0.022405
8120	0.300000	0.021307
8130	0.200000	0.016578
8140	0.350000	0.028785
8150	0.050000	0.022397
8160	0.350000	0.017427
8170	0.150000	0.020256
8180	0.150000	0.019263
8190	0.350000	0.022390
8200	0.200000	0.014254
8210	0.300000	0.016567
8220	0.150000	0.019257
8230	0.150000	0.014983
8240	0.450000	0.021285
8250	0.050000	0.016562
8260	0.250000	0.015750
8270	0.300000	0.018307
8280	0.400000	0.026007
8290	0.200000	0.020235
8300	0.050000	0.019244
8310	0.100000	0.018300
8320	0.300000	0.017404
8330	0.250000	0.020229
8340	0.100000	0.023512
8350	0.000000	0.022360
8360	0.400000	0.017398
8370	0.100000	0.016545
8380	0.200000	0.019231
8390	0.300000	0.022352
8400	0.200000	0.017392
8410	0.350000	0.016539
8420	0.350000	0.019224
8430	0.250000	0.022345
8440	0.150000	0.017386
8450	0.200000	0.016534
8460	0.200000	0.015724
8470	0.100000	0.022337
8480	0.300000	0.021242
8490	0.250000	0.020201
8500	0.100000	0.015718
8510	0.300000	0.018270
8520	0.250000	0.014215
8530	0.350000	0.016523
8540	0.250000	0.019205
8550	0.150000	0.014943
8560	0.300000	0.025946
8570	0.200000	0.024674
8580	0.250000	0.019198
8590	0.250000	0.022315
8600	0.100000	0.021221
8610	0.250000	0.020181
8620	0.250000	0.023457
8630	0.150000	0.022307
8640	0.150000	0.021214
8650	0.100000	0.020174
8660	0.200000	0.015697
8670	0.250000	0.018245
8680	0.100000	0.017351
8690	0.200000	0.020167
8700	0.050000	0.023441
8710	0.300000	0.022292
8720	0.250000	0.025911
8730	0.150000	0.020161
8740	0.250000	0.028641
8750	0.000000	0.018233
8760	0.200000	0.025902
8770	0.350000	0.020154
8780	0.300000	0.034993
8790	0.250000	0.027228
8800	0.050000	0.017334
8810	0.250000	0.024624
8820	0.200000	0.023417
8830	0.150000	0.018221
8840	0.200000	0.017328
8850	0.100000	0.020140
8860	0.300000	0.019153
8870	0.200000	0.022262
8880	0.300000	0.025876
8890	0.150000	0.016473
8900	0.000000	0.019147
8910	0.200000	0.018208
8920	0.150000	0.017316
8930	0.350000	0.024599
8940	0.150000	0.019140
8950	0.150000	0.014893
8960	0.350000	0.021157
8970	0.250000	0.020120
8980	0.400000	0.019134
8990	0.100000	0.022240
9000	0.200000	0.014158
9010	0.350000	0.016456
9020	0.350000	0.019128
9030	0.250000	0.018190
9040	0.400000	0.017299
9050	0.100000	0.020107
9060	0.200000	0.019121
9070	0.350000	0.022225
9080	0.200000	0.021136
9090	0.200000	0.016445
9100	0.050000	0.012796
9110	0.200000	0.018178
9120	0.150000	0.021129
9130	0.300000	0.020093
9140	0.250000	0.023355
9150	0.150000	0.014868
9160	0.250000	0.021121
9170	0.200000	0.020086
9180	0.250000	0.023347
9190	0.250000	0.033167
9200	0.100000	0.025806
9210	0.350000	0.020080
9220	0.300000	0.023339
9230	0.050000	0.018160
9240	0.450000	0.017270
9250	0.100000	0.020073
9260	0.150000	0.023331
9270	0.250000	0.027118
9280	0.250000	0.031520
9290	0.250000	0.020066
9300	0.100000	0.023323
9310	0.200000	0.022180
9320	0.350000	0.021093
9330	0.200000	0.020059
9340	0.250000	0.023315
9350	0.150000	0.022173
9360	0.250000	0.021086
9370	0.150000	0.020053
9380	0.200000	0.019070
9390	0.200000	0.022165
9400	0.100000	0.021079
9410	0.250000	0.024500
9420	0.100000	0.028477
9430	0.300000	0.022158
9440	0.250000	0.017241
9450	0.050000	0.029935
9460	0.050000	0.015592
9470	0.400000	0.018123
9480	0.300000	0.021065
9490	0.100000	0.020032
9500	0.050000	0.015587
9510	0.450000	0.018117
9520	0.250000	0.021058
9530	0.400000	0.024476
9540	0.200000	0.023276
9550	0.150000	0.022135
9560	0.250000	0.021051
9570	0.300000	0.024468
9580	0.200000	0.028439
9590	0.150000	0.027045
9600	0.100000	0.021044
9610	0.100000	0.024459
9620	0.300000	0.028430
9630	0.300000	0.022121
9640	0.150000	0.017212
9650	0.100000	0.020005
9660	0.200000	0.023253
9670	0.150000	0.022113
9680	0.150000	0.017206
9690	0.300000	0.019999
9700	0.150000	0.023245
9710	0.300000	0.022106
9720	0.300000	0.021022
9730	0.250000	0.019992
9740	0.200000	0.015555
9750	0.100000	0.014793
9760	0.400000	0.021015
9770	0.150000	0.016352
9780	0.350000	0.015550
9790	0.250000	0.014788
9800	0.050000	0.017189
9810	0.250000	0.029845
9820	0.100000	0.023222
9830	0.350000	0.022083
9840	0.200000	0.017183
9850	0.200000	0.016341
9860	0.150000	0.015540
9870	0.250000	0.022076
9880	0.300000	0.020994
9890	0.200000	0.019965
9900	0.150000	0.012710
9910	0.300000	0.022069
9920	0.150000	0.025651
9930	0.250000	0.019958
9940	0.250000	0.018980
9950	0.200000	0.018050
9960	0.300000	0.025642
9970	0.100000	0.019952
9980	0.250000	0.015524
9990	0.150000	0.014763
10000	0.000000	0.017160
